0.50
0.10
1.00
1.00
0.00
0.00
1.00
1.00
1.00
1.00
0.50
0.10
1.00
1.00
1.00
1.00
1.00
1.00
1.00
1.00
2.00
0.00
0.00
0.00
1.00


0.00
0.00
10.00
0.00
40.00
40.00
0.00
0.00
30.00







0.00
0.00
0.10
0.10
0.10
 0.1
10.00
10.00
 10
3
2.00
0
0.10

 0.1
20.00
0.00
0.10
0.00
0.00
0.00
0.00
0.00
0.00
1.00
1.00
1.00
10.00
1.00
1.00
40.00
100.00
1.00
15.00
30.00
0.10
0.10
0.10
0.00
0.00
0.00
0.00
1.00
1.00
1.00
50.00
1.00
100.00
0.00
0.00
0.00
20.00
1.00
0.00

0.00
0.00
0.00
0.00
100.00
0.00
30.00
3.00
20.00
15.00
50.00
50.00
-3.00
0.00
20.00
15.00
30.00
15.00
0.00






















































1.00
1.00
0.10
1.00
0.00

0.00
0.00
0.00




0.50
2.00



































0.00
0.00
0.00
0.00
0.00
0.00
0.00
0.00







































1.00


























1.00


0
0.00








0.00
0.00
0.00
0.00
0.00
0.00
0.00
0.00



0.00
0.00

0.00
0.00







































































